NaN NaN
31.96359 -114.86085
31.86963 -114.82763
31.77566 -114.73939
31.66279 -114.71761
31.60606 -114.72851
31.55909 -114.75029
31.40782 -114.75029
31.28521 -114.72851
31.11447 -114.70616
30.99128 -114.66204
30.87726 -114.56291
30.73517 -114.54057
30.58276 -114.52968
30.42978 -114.52968
30.28655 -114.48556
30.10492 -114.45233
30.09575 -114.44144
30.02814 -114.37498
29.91355 -114.29764
29.79839 -114.23174
29.71187 -114.20939
29.70213 -114.14351
29.70213 -114.06616
29.66374 -114.01058
29.58639 -113.96647
29.49987 -113.87822
29.44201 -113.77910
29.36523 -113.67941
29.24949 -113.52529
29.19105 -113.51383
29.15266 -113.50294
29.07531 -113.48060
28.99796 -113.43647
28.95900 -113.41470
28.85243 -113.34824
28.87191 -113.26001
28.78482 -113.16089
28.76534 -113.10530
28.79456 -113.07266
28.66794 -113.01707
28.55163 -112.98384
28.42501 -112.89560
28.39579 -112.86237
28.40553 -112.80737
28.38605 -112.76325
28.33734 -112.74090
28.32760 -112.70825
28.22046 -112.68590
28.10358 -112.63089
27.96664 -112.62001
27.85892 -112.59767
27.78043 -112.56443
27.69219 -112.48709
27.59422 -112.35473
27.44697 -112.21149
27.26992 -112.11180
27.14215 -112.09002
27.12210 -112.09002
27.11236 -112.06768
27.08314 -112.01268
27.05335 -111.93533
26.98459 -111.88032
26.94506 -111.88032
26.82645 -111.82475
26.70785 -111.74739
26.60873 -111.73651
26.49987 -111.62593
26.49987 -111.60415
26.56920 -111.68151
26.69811 -111.70328
26.77718 -111.70328
26.77718 -111.68151
26.77718 -111.61504
26.69811 -111.53769
26.62878 -111.44946
26.49987 -111.39445
26.42080 -111.35034
26.37095 -111.31711
26.25178 -111.29476
26.21224 -111.23976
26.11255 -111.22887
26.01343 -111.21741
25.88394 -111.19564
25.73440 -111.15151
25.69429 -111.12918
25.61465 -111.04093
25.54475 -111.00771
25.48459 -110.91948
25.44505 -110.85358
25.31499 -110.85358
25.20441 -110.85358
25.14425 -110.85358
25.15456 -110.83123
25.06404 -110.76535
24.95403 -110.68800
24.82339 -110.62153
24.66239 -110.62153
24.53176 -110.63242
24.45097 -110.61065
24.33982 -110.53330
24.24929 -110.47772
24.15819 -110.37860
24.10777 -110.27948
24.20861 -110.16890
24.23898 -110.11390
24.09746 -109.94831
23.98630 -109.78273
23.94562 -109.71626
23.86484 -109.70537
23.76342 -109.62803
23.69237 -109.56157
23.57091 -109.49567
23.47924 -109.38509
23.36751 -109.34097
23.23515 -109.36274
23.12343 -109.44010
23.01113 -109.53979
22.94008 -109.70537
22.83810 -109.80449
22.84841 -109.89274
22.97045 -109.99243
23.19447 -110.08066
23.37782 -110.15801
23.51992 -110.27948
23.60127 -110.36771
23.64195 -110.48918
23.74337 -110.59918
23.85452 -110.74300
23.95593 -110.87536
24.06709 -110.97505
24.14788 -111.10741
24.19887 -111.25065
24.24929 -111.32799
24.30945 -111.40534
24.40055 -111.50446
24.46071 -111.51592
24.48134 -111.50446
24.48134 -111.56004
24.49108 -111.61504
24.51113 -111.69240
24.56155 -111.73651
24.67270 -111.75885
24.72255 -111.85797
24.71281 -111.92445
24.70250 -111.97944
24.79303 -112.02357
24.77297 -112.06768
24.69276 -112.11180
24.79303 -112.11180
24.91392 -112.04591
NaN NaN
24.91392 -112.04591
25.06404 -112.00122
25.19467 -111.97944
25.34478 -111.97944
25.40495 -111.97944
25.57454 -111.99033
25.69429 -112.02357
25.88394 -112.11180
26.06327 -112.20003
26.16240 -112.26650
26.16240 -112.36562
26.21224 -112.48709
26.28157 -112.58678
26.34116 -112.70825
26.45059 -112.78560
26.55946 -112.87383
26.60873 -112.92884
26.70785 -113.00618
26.77718 -112.99530
26.82645 -112.98384
26.90552 -113.01707
26.83619 -113.07266
26.76686 -113.14943
26.69811 -113.20500
26.71759 -113.32647
26.73764 -113.44793
26.79666 -113.56940
26.83619 -113.61352
26.90552 -113.65763
26.92500 -113.72353
26.97428 -113.81234
26.99433 -113.87822
26.99433 -113.91146
27.09288 -113.95558
27.14215 -114.05470
27.14215 -114.14351
27.15189 -114.22028
27.19143 -114.29764
27.26992 -114.33086
27.37821 -114.35321
27.44697 -114.39733
27.47676 -114.47467
27.49624 -114.56291
27.53520 -114.61792
27.58448 -114.66204
27.62401 -114.72851
27.67271 -114.77263
27.62401 -114.83908
27.64349 -114.88320
27.77069 -114.87175
27.76095 -114.69526
27.73173 -114.47467
27.78043 -114.28675
27.81996 -114.16528
27.74147 -114.04381
27.81996 -114.03293
27.83944 -114.06616
27.91737 -114.06616
27.97638 -114.01058
27.99586 -113.92234
28.08352 -113.93323
28.14254 -113.91146
28.18150 -113.94469
28.26916 -113.94469
28.30812 -113.93323
28.43475 -113.95558
28.51267 -114.03293
28.60033 -114.11027
28.66794 -114.16528
28.73612 -114.24263
28.83295 -114.33086
28.86217 -114.39733
28.91087 -114.45233
28.99796 -114.51880
29.05583 -114.58468
29.08505 -114.66204
29.18188 -114.71761
29.26840 -114.77263
29.30736 -114.81673
29.37497 -114.86085
29.39387 -114.93820
29.39387 -115.02644
29.48097 -115.09292
29.54800 -115.17026
29.57722 -115.28025
29.62535 -115.34673
29.68265 -115.52319
29.74051 -115.57876
29.79839 -115.61144
29.90381 -115.64466
29.97084 -115.65556
30.08601 -115.67791
30.23899 -115.71113
30.37249 -115.75525
30.39197 -115.81025
30.34384 -115.87672
30.38223 -115.89850
30.53521 -115.89850
30.68761 -115.96494
30.80163 -116.01994
30.84919 -116.08641
30.92482 -116.11966
30.94373 -116.16375
31.01993 -116.16375
31.13337 -116.20788
31.21874 -116.26287
31.32303 -116.35112
31.42673 -116.42846
31.53043 -116.51671
31.58716 -116.52816
31.69086 -116.52816
31.78483 -116.53906
31.85989 -116.59405
31.86963 -116.66053
31.93552 -116.68230
32.00083 -116.73787
32.03865 -116.79287
32.10396 -116.81464
32.17902 -116.84786
32.27299 -116.92524
32.31940 -116.92524
32.40362 -116.93611
32.45004 -117.05758
32.64369 -117.11544
NaN NaN
31.96359 -114.86085
32.00083 -114.88320
31.99167 -114.88320
31.94468 -114.87175
31.87879 -114.82763
31.83181 -114.73939
31.79457 -114.67291
31.74701 -114.59614
31.72868 -114.52968
31.67195 -114.46321
31.60606 -114.36409
31.62498 -114.34175
31.62498 -114.31997
31.55909 -114.29764
31.52127 -114.22028
31.47371 -114.12116
31.44564 -114.01058
31.45538 -113.90057
31.47371 -113.82322
31.48345 -113.73499
31.43647 -113.64675
31.39866 -113.59118
31.30411 -113.58029
31.26630 -113.50294
31.24740 -113.37059
31.20958 -113.26001
31.19067 -113.16089
31.12421 -113.07266
31.03884 -113.00618
30.97237 -113.00618
30.84919 -113.00618
30.72543 -112.99530
30.63032 -112.96206
30.54437 -112.89560
30.41088 -112.81826
30.29629 -112.79648
30.25789 -112.75236
30.15304 -112.68590
29.97084 -112.65267
29.89407 -112.63089
29.78865 -112.55355
29.77891 -112.48709
29.72103 -112.43208
29.64426 -112.42119
29.51935 -112.38797
29.41335 -112.36562
29.33601 -112.32150
29.28788 -112.27739
29.23001 -112.16737
29.14292 -112.10091
29.01744 -112.04591
28.91087 -112.01268
28.86217 -111.93533
28.80430 -111.86886
28.73612 -111.82475
28.61981 -111.78063
28.51267 -111.68151
28.44449 -111.61504
28.40553 -111.52681
28.38605 -111.47181
28.36656 -111.42769
28.36656 -111.41623
28.30812 -111.36123
28.18150 -111.27298
28.06404 -111.17329
28.00560 -111.08506
27.93742 -110.98594
27.91737 -110.89770
27.90763 -110.77624
27.88815 -110.67654
27.85892 -110.56654
27.81996 -110.51095
27.77069 -110.50006
27.68245 -110.50006
27.59422 -110.50006
27.59422 -110.51095
27.51572 -110.53330
27.44697 -110.50006
27.35873 -110.48918
27.32894 -110.45596
27.28997 -110.42272
27.25044 -110.38948
27.19143 -110.32360
27.14215 -110.24624
27.09288 -110.13566
27.05335 -110.03654
27.01381 -109.95920
26.95480 -109.89274
26.87573 -109.82684
26.77718 -109.78273
26.72733 -109.74950
26.67806 -109.67215
26.62878 -109.64980
26.62878 -109.57244
26.63853 -109.46244
26.63853 -109.39598
26.55946 -109.26362
26.44028 -109.21951
26.37095 -109.17539
26.33142 -109.06481
26.26209 -109.06481
26.17271 -109.11981
26.09307 -109.17539
26.06327 -109.23039
25.97332 -109.26362
25.86389 -109.28597
25.74414 -109.29686
25.66450 -109.27451
25.55449 -109.18628
25.54475 -109.04304
25.55449 -108.96569
25.58486 -108.89922
25.62439 -108.84422
25.64444 -108.82187
25.58486 -108.78864
25.51495 -108.81099
25.43474 -108.84422
25.36484 -108.81099
25.30468 -108.68952
25.21472 -108.51305
25.16430 -108.38012
25.14425 -108.27012
25.19467 -108.18189
25.14425 -108.12630
25.05430 -108.03807
24.96377 -107.93895
24.90361 -107.83926
24.77297 -107.81748
24.66239 -107.81748
24.59192 -107.82837
24.52144 -107.78425
24.45097 -107.69601
24.33008 -107.55220
24.22866 -107.40897
24.11751 -107.26515
24.05735 -107.17692
23.96625 -107.07778
23.88489 -106.97809
23.85452 -106.88986
23.83447 -106.86808
23.82416 -106.84575
23.79379 -106.82398
23.74337 -106.76839
23.66201 -106.73573
23.56059 -106.73573
23.51018 -106.68016
23.48955 -106.55869
23.41850 -106.50369
23.34745 -106.44868
23.26610 -106.40399
NaN NaN
28.96874 -112.98384
28.94926 -113.03942
28.94926 -113.07266
28.99796 -113.10530
29.07531 -113.14943
29.14292 -113.20500
29.20079 -113.27089
29.26840 -113.32647
29.33601 -113.37059
29.41335 -113.42558
29.47123 -113.44793
29.49013 -113.44793
29.45175 -113.38148
29.37497 -113.30412
29.29762 -113.23823
29.22027 -113.18266
29.16240 -113.08353
29.06557 -113.07266
29.03635 -113.03942
29.00770 -112.98384
28.97848 -112.98384
28.96874 -112.98384
NaN NaN
28.97848 -112.36562
29.01744 -112.36562
29.09479 -112.35473
29.14292 -112.34385
29.14292 -112.27739
29.11370 -112.22238
29.06557 -112.18914
28.99796 -112.15592
28.92978 -112.13415
28.86217 -112.14503
28.79456 -112.14503
28.74586 -112.14503
28.73612 -112.18914
28.73612 -112.23327
28.74586 -112.32150
28.77508 -112.37708
28.83295 -112.42119
28.87191 -112.43208
28.90113 -112.40973
28.93952 -112.37708
28.97848 -112.36562
NaN NaN
42.99578 -121.87479
42.99578 -121.87479
42.93776 -121.88586
42.87974 -121.89694
42.80867 -121.91139
42.73176 -121.92342
42.66389 -121.95672
42.59735 -121.98181
42.53747 -121.96582
42.46774 -121.97205
42.40599 -121.92899
42.35995 -121.86613
42.31390 -121.80327
42.26972 -121.76748
42.18828 -121.76888
42.09965 -121.77606
42.04296 -121.77892
41.99026 -121.89304
41.91947 -121.83179
41.87156 -121.74512
41.82232 -121.66649
41.76323 -121.60972
41.71705 -121.58778
41.67087 -121.56586
41.58890 -121.53448
41.52675 -121.51499
41.46461 -121.49549
41.37811 -121.45387
41.30012 -121.39841
41.25395 -121.37647
41.20777 -121.35454
41.14722 -121.34420
41.08667 -121.33385
41.02493 -121.29315
40.97476 -121.29531
40.92458 -121.29748
40.86696 -121.28825
40.80934 -121.27903
40.75239 -121.26579
40.69543 -121.25254
40.61931 -121.22342
40.56116 -121.17982
40.50300 -121.13622
40.42768 -121.06470
40.39148 -120.98055
40.38402 -120.91389
40.34662 -120.80291
40.30922 -120.69193
40.27489 -120.63783
40.23736 -120.56551
40.19850 -120.50134
40.13888 -120.41324
40.11173 -120.35287
40.07101 -120.26231
40.01325 -120.20061
39.95869 -120.17452
39.88976 -120.14583
39.82215 -120.10916
39.74151 -120.07702
39.69014 -120.05350
39.63691 -120.00437
39.60048 -119.96665
39.56392 -119.88114
39.52371 -119.81953
39.44993 -119.81474
39.36427 -119.80649
39.29399 -119.81934
39.22860 -119.80034
39.16916 -119.78307
39.10255 -119.77204
39.02650 -119.74161
38.94083 -119.73337
38.86722 -119.68701
38.81495 -119.66350
38.75812 -119.58874
38.68451 -119.54238
38.63940 -119.51264
38.56335 -119.48221
38.50758 -119.44104
38.50197 -119.35620
38.50231 -119.27309
38.46559 -119.22913
38.38465 -119.23058
38.32154 -119.23720
38.25965 -119.23586
38.20126 -119.25217
38.15004 -119.26226
38.06559 -119.24604
38.00388 -119.20314
37.93027 -119.16346
37.85666 -119.11971
37.78777 -119.08529
37.74267 -119.05717
37.68584 -118.98093
37.67062 -118.92013
37.64124 -118.83128
37.61535 -118.75961
37.57147 -118.72387
37.52758 -118.68813
37.47775 -118.65087
37.39470 -118.58875
37.34784 -118.55225
37.30098 -118.51575
37.23577 -118.45826
37.17056 -118.40076
37.11355 -118.36976
37.06784 -118.34574
37.02211 -118.32172
36.94484 -118.30172
36.89256 -118.28006
36.82123 -118.26160
36.73207 -118.23852
36.67262 -118.22314
36.59063 -118.19379
36.51929 -118.17532
36.47235 -118.15912
36.42541 -118.14290
36.33747 -118.11201
36.25197 -118.06551
36.17715 -118.02990
36.11298 -118.00517
36.03589 -117.96175
35.93977 -117.93441
35.86166 -117.91577
35.81028 -117.92714
35.75890 -117.93850
35.70152 -117.94843
35.64462 -117.99785
35.58799 -118.03822
35.53537 -118.09668
35.48537 -118.10044
35.43781 -118.08897
35.37837 -118.07463
35.30215 -118.08788
35.22120 -118.09207
35.16282 -118.10962
35.13162 -118.16930
35.10042 -118.22897
35.04064 -118.29359
35.00341 -118.37157
34.96024 -118.44812
34.90746 -118.54607
34.86323 -118.59074
34.81411 -118.66586
34.76272 -118.71670
34.76833 -118.79710
34.78949 -118.85754
34.79999 -118.90750
34.84510 -118.93419
34.86643 -118.95515
34.91398 -118.96661
34.94143 -118.94951
34.96292 -118.93098
34.97499 -118.89436
34.98477 -118.83348
35.00522 -118.78307
35.02444 -118.74028
35.04839 -118.70653
35.08877 -118.72417
35.12077 -118.75561
35.15993 -118.78086
35.19438 -118.79707
35.23721 -118.79948
35.26466 -118.78239
35.32182 -118.77246
35.35399 -118.76440
35.39805 -118.75922
35.43021 -118.75116
35.47532 -118.77785
35.50854 -118.80167
35.54404 -118.84975
35.56992 -118.91924
35.59230 -118.97207
35.64441 -119.03211
35.68358 -119.05730
35.72396 -119.07490
35.77274 -119.07875
35.81680 -119.07359
35.86802 -119.06227
35.91452 -119.04195
35.96102 -119.02161
36.00158 -119.02577
36.04686 -119.01346
36.08619 -118.99445
36.15997 -119.00290
36.22535 -119.02019
36.26696 -119.03120
36.33463 -119.07338
36.38271 -119.10229
36.43079 -119.13120
36.49128 -119.17958
36.56367 -119.23111
36.61700 -119.28569
36.67391 -119.33718
36.73082 -119.38866
36.78468 -119.45958
36.83853 -119.53049
36.88470 -119.59129
36.93085 -119.65207
37.00552 -119.72849
37.04573 -119.78770
37.08595 -119.84691
37.13212 -119.90769
37.20083 -119.98254
37.25035 -120.03397
37.29986 -120.08542
37.32062 -120.10725
37.37705 -120.17118
37.42256 -120.19154
37.46807 -120.21188
37.53754 -120.27119
37.60701 -120.33048
37.65971 -120.34463
37.72518 -120.42725
37.77894 -120.50672
37.81328 -120.55659
37.84761 -120.60646
37.87836 -120.65943
37.90910 -120.71239
37.95568 -120.79807
38.00093 -120.93429
38.03659 -120.95605
38.07226 -120.97781
38.12948 -121.00066
38.18671 -121.02351
38.24300 -121.03928
38.29929 -121.05504
38.36077 -121.07681
38.42225 -121.09857
38.48892 -121.12634
38.55559 -121.15411
38.61481 -121.17091
38.67403 -121.18771
38.72380 -121.20533
38.77357 -121.22295
38.86007 -121.26191
38.90625 -121.28242
38.95243 -121.30293
39.00127 -121.30773
39.05010 -121.31252
39.13021 -121.31591
39.18584 -121.33560
39.24146 -121.35530
39.30720 -121.37024
39.35764 -121.38393
39.40807 -121.39762
39.47248 -121.42043
39.53689 -121.44324
39.60183 -121.49953
39.66092 -121.55377
39.66864 -121.58148
39.72959 -121.66135
39.80438 -121.69616
39.87385 -121.76239
39.90100 -121.82197
39.91191 -121.86746
39.93453 -121.91711
39.98457 -121.95148
40.04898 -121.88515
40.10487 -121.92361
40.15358 -121.96787
40.17817 -122.00811
40.20275 -122.04836
40.23597 -122.06982
40.29948 -122.09446
40.33269 -122.11594
40.37883 -122.09948
40.41341 -122.07854
40.49567 -122.10186
40.54186 -122.11977
40.61549 -122.15692
40.64293 -122.17616
40.73085 -122.13297
40.77692 -122.08215
40.84895 -122.02420
40.98343 -121.99484
41.07339 -121.97800
41.12355 -121.97583
41.17372 -121.97366
41.26102 -121.97289
41.24133 -122.03900
41.27466 -122.12923
41.30078 -122.22523
41.31244 -122.29846
41.35154 -122.39093
41.40784 -122.42136
41.47713 -122.44823
41.56659 -122.46577
41.62936 -122.47723
41.69213 -122.48869
41.77296 -122.52004
41.84659 -122.55719
41.90867 -122.58987
41.98230 -122.62702
42.03283 -122.54163
42.11652 -122.55908
42.19300 -122.58233
42.25223 -122.63361
42.31728 -122.72258
42.31728 -122.72258
42.35061 -122.81589
42.39828 -122.86232
42.49060 -122.86576
42.53891 -122.85517
42.58721 -122.84457
42.67085 -122.82674
42.72847 -122.78039
NaN NaN
48.99449 -119.65386
48.94537 -119.60928
48.88541 -119.58910
48.83878 -119.56567
48.78130 -119.56663
48.70633 -119.55881
48.63553 -119.56301
48.57470 -119.58218
48.51803 -119.61340
48.45553 -119.64169
48.39471 -119.66087
48.30722 -119.68655
48.24472 -119.71483
48.19722 -119.73076
48.12307 -119.75318
48.06057 -119.78147
48.00725 -119.79446
47.96142 -119.86062
47.91976 -119.87929
47.88808 -119.91232
47.86304 -119.97733
47.82042 -120.05396
47.80209 -120.11292
47.78517 -120.13385
47.73942 -120.14093
47.68791 -120.14523
47.63857 -120.16994
47.58705 -120.17426
47.53374 -120.18739
47.46313 -120.19220
47.41379 -120.21693
47.36804 -120.22400
47.32267 -120.26031
47.28128 -120.30820
47.25539 -120.37323
47.22014 -120.45313
47.20975 -120.53529
47.18963 -120.60307
47.16375 -120.66811
47.12452 -120.73641
47.08595 -120.70821
47.05315 -120.68277
47.02790 -120.65128
46.98933 -120.62308
46.96985 -120.59436
46.93346 -120.58656
46.88989 -120.61405
46.87514 -120.65539
46.85284 -120.70277
46.83811 -120.74410
46.80427 -120.78594
46.75853 -120.79302
46.72033 -120.79405
46.65728 -120.79282
46.62704 -120.81702
46.60077 -120.85281
46.58026 -120.89138
46.53887 -120.93929
46.49491 -120.93754
46.44339 -120.94185
46.38431 -120.95220
46.34433 -120.96205
46.26833 -120.99332
46.23091 -121.01735
46.18734 -121.04281
46.12723 -121.11761
46.05021 -121.21255
45.97895 -121.37819
45.90372 -121.46274
45.84541 -121.52756
45.76082 -121.62620
45.71328 -121.64027
45.64985 -121.60923
45.59615 -121.59229
45.53093 -121.56971
45.48479 -121.54714
45.45019 -121.53020
45.40983 -121.51046
45.32589 -121.51607
45.26501 -121.53295
45.21567 -121.55549
45.15877 -121.58365
45.10367 -121.60337
45.02947 -121.62307
44.96066 -121.61741
44.88030 -121.60609
44.79559 -121.55531
44.75305 -121.51582
44.70512 -121.50171
44.65002 -121.52142
44.59132 -121.55805
44.52801 -121.67643
44.45740 -121.67921
44.37346 -121.68482
44.32592 -121.69890
44.22467 -121.69604
44.15048 -121.71574
44.07230 -121.72417
44.00784 -121.75797
43.94735 -121.81812
43.88430 -121.81640
43.81369 -121.82024
43.74166 -121.85950
43.65017 -121.87185
43.59506 -121.89178
43.53201 -121.89007
43.48447 -121.90444
43.41603 -121.92731
43.36272 -121.93906
43.29788 -121.94553
43.24456 -121.95727
43.20458 -121.96607
43.11090 -121.95940
43.06298 -121.94655
43.02119 -121.96355
42.99578 -121.87479
NaN NaN
48.96038 -122.16727
48.90913 -122.19852
48.85980 -122.22074
48.79720 -122.24547
48.76873 -122.25946
48.73083 -122.25789
48.70053 -122.25057
48.66271 -122.21867
48.64007 -122.17528
48.62503 -122.12612
48.60999 -122.07698
48.58545 -122.04259
48.56273 -122.02953
48.52668 -122.04927
48.49629 -122.07228
48.45264 -122.09778
48.41474 -122.09621
48.38444 -122.08889
48.34278 -122.07504
48.30311 -122.02184
48.31768 -121.97844
48.26142 -121.90641
48.21490 -121.84995
48.16801 -121.76315
48.11175 -121.69112
48.05587 -121.64942
48.00039 -121.63806
47.95285 -121.74881
47.90350 -121.77124
47.85057 -121.81113
47.79906 -121.81306
47.74754 -121.81499
47.69782 -121.80819
47.65028 -121.82188
47.62977 -121.85947
47.60785 -121.93503
47.59311 -121.97565
47.56069 -121.97794
47.52032 -121.95671
47.49687 -121.91536
47.45830 -121.88539
47.42767 -121.87896
47.39128 -121.86950
47.34553 -121.87446
47.29581 -121.86766
47.24609 -121.86086
47.19675 -121.88329
47.18021 -121.93264
47.15612 -121.98769
47.10750 -122.02528
47.06761 -122.06251
47.03155 -122.08227
46.99358 -122.11076
46.94041 -122.15064
46.88717 -122.21976
46.85664 -122.30101
46.82611 -122.38226
46.80693 -122.46957
46.81430 -122.55154
46.83118 -122.61910
46.82152 -122.69199
46.80434 -122.74134
46.75692 -122.75504
46.71903 -122.75430
46.67361 -122.73003
46.65097 -122.68868
46.61507 -122.64999
46.57724 -122.62003
46.55085 -122.56690
46.48272 -122.53051
46.42403 -122.50891
46.37101 -122.49035
46.30848 -122.48621
46.24220 -122.47031
46.16640 -122.46884
46.11147 -122.45901
46.05653 -122.44918
46.00352 -122.43062
45.95051 -122.44106
45.89750 -122.42411
45.85207 -122.40154
45.78763 -122.40715
45.72894 -122.38740
45.65505 -122.37891
45.57550 -122.36759
45.52617 -122.39013
45.47683 -122.41267
45.42183 -122.43237
45.34595 -122.46053
45.28711 -122.49716
45.24722 -122.53380
45.19022 -122.59016
45.14089 -122.61269
45.09148 -122.66342
45.03832 -122.70287
44.98132 -122.75923
44.94518 -122.80714
44.90721 -122.83532
44.86923 -122.86349
44.82956 -122.81555
44.77847 -122.79015
44.73865 -122.79859
44.71587 -122.81551
44.68740 -122.82958
44.66086 -122.83521
44.62680 -122.81828
44.58130 -122.82390
44.55844 -122.86900
44.53742 -122.93384
44.52783 -122.97612
44.50697 -122.98457
44.47666 -122.97892
44.45019 -122.95635
44.40469 -122.96198
44.38567 -122.99016
44.37232 -123.01063
44.33803 -123.07864
44.30581 -123.08093
44.25280 -123.06284
44.17899 -123.02437
44.13350 -123.02928
44.10312 -123.05162
44.05946 -123.07658
44.01965 -123.08445
43.96840 -123.12443
43.89444 -123.14318
43.81672 -123.15087
43.73333 -123.15575
43.67648 -123.15532
43.59692 -123.14367
43.51360 -123.12096
43.42836 -123.10650
43.35640 -123.08939
43.29963 -123.06136
43.25045 -123.02785
43.18800 -123.00298
43.10667 -122.93677
43.02910 -122.89174
42.98177 -122.87889
42.97942 -122.76219
NaN NaN
34.45821 -119.58679
34.45821 -119.58679
34.52046 -119.57959
34.58318 -119.52550
34.60503 -119.41369
34.63065 -119.31853
34.65096 -119.26118
34.67127 -119.20381
34.68827 -119.08289
34.70208 -118.99247
34.72104 -118.92275
34.73999 -118.85303
34.75168 -118.76991
34.77411 -118.69711
34.77246 -118.66548
34.73914 -118.64204
34.70842 -118.55675
34.67286 -118.46252
34.64804 -118.37862
34.63534 -118.31707
34.62263 -118.25553
34.60645 -118.19707
34.59557 -118.10083
34.57454 -118.03343
34.56755 -117.91930
34.53669 -117.82645
34.50288 -117.75627
34.47797 -117.66482
34.45208 -117.58092
34.41827 -117.51074
34.39539 -117.45090
34.38140 -117.36977
34.39124 -117.29419
34.38916 -117.21584
34.39500 -117.12376
34.39391 -117.03785
34.38293 -116.99410
34.35109 -116.90823
34.33265 -116.83710
34.31422 -116.76595
34.29723 -116.65955
34.27330 -116.55958
34.25730 -116.44548
34.23540 -116.37756
34.21147 -116.27758
34.20541 -116.18143
34.18550 -116.12183
34.16559 -116.06223
34.14129 -115.96739
34.11342 -115.88280
34.07097 -115.81873
34.03725 -115.78798
33.97854 -115.78635
33.94668 -115.79557
33.93665 -115.88509
33.94120 -115.95450
33.94431 -116.04111
33.95037 -116.13405
33.95349 -116.24936
33.95753 -116.31131
33.96157 -116.37327
33.95573 -116.46392
33.96272 -116.50350
33.93896 -116.54484
33.92312 -116.57240
33.84676 -116.59604
33.78717 -116.53875
33.73451 -116.47514
33.69873 -116.42241
33.65798 -116.36108
33.61821 -116.29229
33.56654 -116.22123
33.52481 -116.16736
33.45730 -116.12386
33.39973 -116.09754
33.33325 -116.09248
33.28568 -116.12926
33.27082 -116.14937
33.23618 -116.22686
33.22138 -116.29286
33.20161 -116.35027
33.18779 -116.40881
33.13825 -116.46051
33.11050 -116.48579
33.12443 -116.51905
33.16714 -116.56545
33.21581 -116.61301
33.25159 -116.66574
33.30026 -116.71328
33.33702 -116.75855
33.37181 -116.81874
33.39967 -116.88525
33.42458 -116.97414
33.44053 -117.05103
33.44359 -117.12053
33.43474 -117.18742
33.42190 -117.23814
33.38427 -117.29104
33.35259 -117.34525
33.31889 -117.36844
33.28420 -117.39905
33.25743 -117.41611
NaN NaN
35.66312 -106.82381
35.59087 -106.86279
35.52107 -106.87088
35.47621 -106.88166
35.40017 -106.88908
35.34407 -106.88306
35.24688 -106.91936
35.13661 -106.96207
35.06374 -106.99121
34.98403 -107.06149
34.95041 -107.08826
34.89124 -107.11974
34.82021 -107.14213
34.76227 -107.15838
34.67816 -107.18693
34.61337 -107.21006
34.55604 -107.21870
34.48501 -107.24110
34.42645 -107.26496
34.36728 -107.29642
34.27633 -107.33185
34.18231 -107.40531
34.15686 -107.48680
34.09340 -107.57153
34.07296 -107.66896
34.03822 -107.78776
34.02524 -107.87071
34.00296 -107.99097
34.01618 -108.12030
34.01431 -108.20471
33.99932 -108.25177
33.98654 -108.31797
33.96684 -108.39095
33.92784 -108.46934
33.86808 -108.56802
33.80685 -108.68156
33.76093 -108.76673
33.74395 -108.84375
33.72698 -108.92077
33.73056 -109.03490
33.77053 -109.13865
33.84072 -109.25420
33.88562 -109.33979
33.93052 -109.42537
33.98832 -109.53918
34.05231 -109.66445
34.09848 -109.77178
34.13080 -109.89246
34.15434 -109.99176
34.17788 -110.09106
34.18930 -110.18562
34.20070 -110.28017
34.21628 -110.42178
34.23102 -110.57100
34.24828 -110.69739
34.26637 -110.81617
34.29229 -110.92068
34.36817 -111.01212
34.43623 -111.13338
34.46046 -111.25476
34.46292 -111.40355
34.47934 -111.53918
34.50358 -111.66055
34.58786 -111.69096
34.69754 -111.71801
34.79604 -111.78995
34.86021 -111.83244
34.90345 -111.89469
34.91069 -111.94281
34.95828 -112.02696
34.96671 -112.10680
34.97729 -112.21837
34.98571 -112.29821
35.00238 -112.41085
35.03315 -112.51033
35.07510 -112.61961
35.10587 -112.71909
35.08685 -112.77055
35.05587 -112.86692
35.07234 -112.93252
35.12262 -112.97905
35.17290 -113.02558
35.22672 -113.06772
35.28053 -113.10985
35.33336 -113.15957
35.38619 -113.20929
35.45029 -113.29247
35.48518 -113.40861
35.52713 -113.51841
35.58927 -113.61676
35.66338 -113.67081
35.73649 -113.73247
35.75296 -113.79813
35.78471 -113.89027
35.81698 -113.96220
35.84924 -114.03414
35.89318 -114.07442
35.96782 -114.07413
36.04628 -114.05464
36.12474 -114.03514
36.23503 -114.00292
36.31570 -114.00431
36.39638 -114.00571
36.46615 -113.99026
36.52673 -113.95540
36.58730 -113.92052
36.64788 -113.88564
36.70845 -113.85076
36.76345 -113.81071
36.81844 -113.77065
36.86422 -113.70469
36.90999 -113.63872
36.94460 -113.56239
36.97920 -113.48606
37.04861 -113.38129
37.11114 -113.33089
37.20720 -113.31158
37.31953 -113.31173
37.40559 -113.32218
37.45519 -113.32484
37.52077 -113.27509
37.58635 -113.22533
37.65290 -113.16781
37.71946 -113.11028
37.77691 -113.04101
37.83435 -112.97173
37.90041 -112.91586
37.96648 -112.85999
38.04265 -112.80437
38.11881 -112.74875
38.23095 -112.69746
38.31731 -112.65322
38.40366 -112.60899
38.50776 -112.57267
38.61186 -112.53636
38.72615 -112.51888
38.82201 -112.44748
38.88142 -112.36835
38.94082 -112.28922
38.99924 -112.21823
39.05767 -112.14723
39.14344 -112.08203
39.22921 -112.01682
39.30896 -111.95717
39.38870 -111.89752
39.47747 -111.85799
39.56624 -111.81846
39.64622 -111.77293
39.72620 -111.72741
39.72620 -111.72741
39.79432 -111.67524
39.76252 -111.61874
39.77874 -111.52248
39.85442 -111.39714
39.94685 -111.29194
39.98090 -111.26585
39.97618 -111.19011
39.98542 -111.10069
40.04934 -111.02193
40.11436 -111.06259
40.17493 -111.08507
40.26897 -111.14954
40.32422 -111.16222
40.39596 -111.13580
40.40688 -111.02682
40.35725 -110.91788
40.34555 -110.84933
40.37098 -110.75475
40.39641 -110.66017
40.42701 -110.54587
40.45761 -110.43156
40.48304 -110.33699
40.50847 -110.24241
40.56128 -110.09507
40.60153 -109.99872
40.55244 -109.91495
40.51173 -109.80798
40.47721 -109.70219
40.48601 -109.60466
40.49480 -109.50713
40.50832 -109.42704
40.52183 -109.34695
40.52265 -109.19829
40.49684 -109.13550
40.45825 -109.14467
40.40760 -109.21768
40.38212 -109.22109
40.34866 -109.17337
40.30868 -109.05827
40.29419 -108.96619
40.29208 -108.84966
40.30161 -108.74321
40.34386 -108.69160
40.38538 -108.64818
40.42910 -108.58019
40.42259 -108.51279
40.39825 -108.43433
40.38083 -108.34865
40.34557 -108.25192
40.28923 -108.11044
40.22630 -108.04266
40.16916 -107.99125
40.08372 -107.95337
40.00391 -107.92462
39.92787 -107.94286
39.87800 -107.93590
39.80381 -107.91746
39.74709 -107.91760
39.70028 -107.87070
39.67340 -107.81045
39.65337 -107.74307
39.64080 -107.66061
39.60513 -107.55069
39.53523 -107.47635
39.44478 -107.42336
39.38428 -107.39069
39.29016 -107.38560
39.22880 -107.40528
39.16743 -107.42495
39.10764 -107.46503
39.01424 -107.53269
38.94944 -107.55592
38.87096 -107.59338
38.80800 -107.59265
38.71889 -107.60441
38.60606 -107.59672
38.51756 -107.60049
38.43713 -107.58118
38.36733 -107.58757
38.28323 -107.61618
38.23468 -107.67397
38.18246 -107.77966
38.16264 -107.87376
38.10357 -107.98657
38.04439 -108.05859
37.96574 -108.08737
37.90639 -108.11916
37.83393 -108.15714
37.77278 -108.14137
37.73093 -108.12020
37.66067 -108.13480
37.59733 -108.14241
37.54603 -108.08848
37.53138 -107.96920
37.49704 -107.92545
37.45269 -107.84894
37.45258 -107.77022
37.48610 -107.66431
37.51277 -107.56541
37.52953 -107.51246
37.48799 -107.44025
37.44645 -107.36802
37.45881 -107.29089
37.49110 -107.20058
37.45799 -107.14124
37.39003 -107.12467
37.36377 -107.05835
37.35743 -106.97290
37.33556 -106.93037
37.28936 -106.87704
37.23571 -106.83887
37.17644 -106.79205
37.13025 -106.73872
37.08027 -106.65293
37.01415 -106.61333
36.91747 -106.56223
36.83571 -106.48080
36.74026 -106.41383
36.66729 -106.38145
36.57195 -106.39455
36.46914 -106.42280
36.42499 -106.50580
36.39208 -106.60611
36.35049 -106.73745
36.31942 -106.81395
36.23971 -106.86887
36.13006 -106.90434
36.02163 -106.92393
35.93435 -106.89185
35.84523 -106.90565
35.75295 -106.88018
35.69685 -106.87416
35.65065 -106.82247
35.66312 -106.82381
NaN NaN
35.40816 -114.26277
35.35461 -114.24639
35.30094 -114.23795
35.24734 -114.22555
35.18365 -114.21304
35.13338 -114.20265
35.08310 -114.19226
35.04801 -114.17804
35.01291 -114.16382
34.96954 -114.13961
34.91610 -114.11530
34.88437 -114.10110
34.85263 -114.08692
34.81926 -114.06875
34.78590 -114.05058
34.74592 -114.02617
34.70594 -114.00177
34.67770 -113.97863
34.64946 -113.95549
34.62306 -113.92140
34.59362 -113.86459
34.55405 -113.81155
34.50433 -113.76231
34.45116 -113.70786
34.42121 -113.68714
34.39126 -113.66641
34.34475 -113.62876
34.31179 -113.58369
34.28549 -113.54237
34.26205 -113.49735
34.24216 -113.45607
34.23572 -113.40736
34.22602 -113.33990
34.21618 -113.30054
34.20633 -113.26116
34.19324 -113.20119
34.18676 -113.16183
34.18026 -113.12247
34.17210 -113.08125
34.16394 -113.04002
34.15080 -112.98923
34.13430 -112.93866
34.12786 -112.88803
34.10468 -112.83361
34.07808 -112.79481
34.03475 -112.75221
34.00145 -112.71346
33.95480 -112.66310
33.92312 -112.63408
33.89145 -112.60506
33.84813 -112.55857
33.81146 -112.52373
33.77512 -112.47716
33.74832 -112.43056
33.72486 -112.38393
33.71476 -112.33333
33.70129 -112.25934
33.69784 -112.18530
33.69442 -112.12684
33.69433 -112.06836
33.67085 -112.00614
33.65576 -111.96919
33.64067 -111.93224
33.61720 -111.87839
33.60375 -111.82449
33.57693 -111.76682
33.55347 -111.71297
33.53337 -111.68031
33.51327 -111.64764
33.48649 -111.61987
33.45635 -111.57402
33.41619 -111.53200
33.38279 -111.49761
33.34583 -111.45559
33.31203 -111.39445
33.27830 -111.34097
33.25786 -111.28367
33.24399 -111.21490
33.24017 -111.15378
33.23639 -111.09647
33.24274 -111.05827
33.24910 -111.02006
33.24879 -110.98198
33.24849 -110.94389
33.24812 -110.89970
33.24776 -110.85551
33.23900 -110.80400
33.23025 -110.75249
33.22321 -110.70651
33.21617 -110.66051
33.21078 -110.61267
33.20538 -110.56483
33.20239 -110.51515
33.19939 -110.46548
33.18864 -110.42872
33.17788 -110.39196
33.16869 -110.35150
33.15951 -110.31105
33.14859 -110.26693
33.13767 -110.22279
33.12683 -110.18236
33.11599 -110.14191
33.08799 -110.07581
33.06987 -110.00595
33.05191 -109.94482
33.02406 -109.88634
32.98958 -109.82784
32.97550 -109.79131
32.96142 -109.75478
32.96426 -109.73295
32.95492 -109.68554
32.94558 -109.63813
32.94782 -109.58897
32.95006 -109.53981
32.98055 -109.47420
32.96754 -109.40491
32.95921 -109.36662
32.95089 -109.32832
32.93157 -109.26627
32.91505 -109.22974
32.89853 -109.19321
32.87514 -109.15116
32.85175 -109.10912
32.82928 -109.05070
NaN NaN
39.80439 -111.62920
39.80439 -111.62920
39.85896 -111.60043
39.91468 -111.56373
39.97039 -111.52702
40.04329 -111.55000
40.11543 -111.57573
40.18757 -111.60146
40.25190 -111.63801
40.31622 -111.67454
40.40192 -111.71619
40.48762 -111.75784
40.55175 -111.77321
40.61588 -111.78857
40.68306 -111.80466
40.75024 -111.82074
40.83745 -111.82896
40.92467 -111.83717
41.00463 -111.85211
41.08460 -111.86703
41.16953 -111.89161
41.25446 -111.91618
41.32718 -111.93783
41.39989 -111.95947
41.48500 -111.98520
41.57012 -112.01093
41.63181 -112.01738
41.69351 -112.02383
41.72319 -111.99464
41.72279 -111.95230
41.70751 -111.88103
41.69108 -111.81794
41.72465 -111.75838
41.80365 -111.73504
41.90479 -111.73392
41.96701 -111.75866
42.02922 -111.78340
42.14755 -111.79649
42.26702 -111.80114
42.36930 -111.79262
42.46052 -111.77250
42.50936 -111.71524
42.55820 -111.65798
42.63413 -111.56406
42.69823 -111.51073
42.74287 -111.46113
42.79287 -111.46531
42.86388 -111.50111
42.96313 -111.56168
43.04903 -111.62753
43.15439 -111.68967
43.22310 -111.74236
43.28075 -111.78345
43.36129 -111.79552
43.42311 -111.75907
43.51011 -111.67673
43.61658 -111.59069
43.67649 -111.54503
43.73640 -111.49936
43.79020 -111.45212
43.84401 -111.40488
43.93979 -111.35100
44.03444 -111.30527
44.13901 -111.28024
44.23901 -111.29006
44.31841 -111.31222
44.39934 -111.37093
44.44591 -111.40200
44.46770 -111.52554
44.48338 -111.64738
44.46395 -111.79556
44.45064 -111.94545
44.41227 -112.05896
44.35204 -112.16907
44.30298 -112.24601
44.25392 -112.32296
44.19021 -112.41393
44.14463 -112.51000
44.09556 -112.58694
44.05602 -112.68473
44.02343 -112.82079
43.99597 -112.86873
43.96632 -112.93994
43.92494 -112.96423
43.84988 -112.96219
43.78563 -112.97173
43.70672 -113.02569
43.65675 -113.06350
43.64429 -113.10398
43.64613 -113.17542
43.66993 -113.22703
43.69849 -113.28896
43.70416 -113.33500
43.69519 -113.39427
43.66938 -113.43950
43.61299 -113.51965
43.55185 -113.58946
43.49289 -113.68654
43.45207 -113.78918
43.41601 -113.90214
43.41399 -113.99899
43.45802 -114.07310
43.47045 -114.14825
43.49480 -114.22712
43.44805 -114.35515
43.41442 -114.44272
43.39296 -114.56971
43.35385 -114.72686
43.32618 -114.81628
43.27347 -114.94247
43.23554 -115.06488
43.22124 -115.14878
43.20693 -115.23268
43.19598 -115.37111
43.20327 -115.45815
43.21057 -115.54518
43.25724 -115.62380
43.30390 -115.70242
43.39245 -115.81352
43.45857 -115.90787
43.54305 -116.00850
43.62849 -116.09233
43.68603 -116.13950
43.74355 -116.18665
43.84395 -116.25790
43.92066 -116.32077
44.01697 -116.35569
44.08381 -116.35270
44.15065 -116.34971
44.21017 -116.33481
44.31705 -116.33737
44.43452 -116.31619
44.49686 -116.32076
44.55918 -116.32532
44.64802 -116.35807
44.74842 -116.43193
44.81736 -116.54026
44.88758 -116.67668
44.96400 -116.77855
45.05128 -116.81995
45.17157 -116.81824
45.23687 -116.82388
45.30215 -116.82954
45.35546 -116.84919
45.43428 -116.83219
45.53399 -116.80447
45.56727 -116.72463
45.60056 -116.64479
45.63878 -116.50230
45.68547 -116.41818
NaN NaN
45.68547 -116.41818
45.73215 -116.33407
45.81028 -116.21548
45.90462 -116.11210
45.96209 -116.06894
46.01956 -116.02576
46.11220 -115.99309
46.20885 -115.98279
46.31810 -116.01722
46.38916 -116.04459
46.42752 -116.07836
46.48335 -116.15687
46.53298 -116.27099
46.58261 -116.38512
46.65593 -116.50836
46.72178 -116.63822
46.80130 -116.72585
46.88238 -116.80459
46.94908 -116.82078
47.01577 -116.83695
47.08481 -116.83979
47.15383 -116.84262
47.24140 -116.84783
47.35859 -116.86446
47.43121 -116.88293
47.49015 -116.94363
47.52977 -117.03841
47.56939 -117.10390
47.61183 -117.18978
47.68416 -117.25082
47.74494 -117.26847
47.81756 -117.29142
47.88271 -117.32058
47.89215 -117.44901
47.90314 -117.56858
47.91385 -117.72623
47.93513 -117.85995
47.96544 -117.97861
47.94618 -118.11234
47.93609 -118.23282
47.90521 -118.29574
47.89015 -118.37547
47.93754 -118.49323
47.95913 -118.58000
47.97321 -118.67299
47.98395 -118.78370
47.99723 -118.84746
48.05049 -118.83782
48.09793 -118.89126
48.13706 -118.92064
48.17532 -118.98945
48.17608 -119.08339
48.16766 -119.19855
48.16258 -119.29549
48.16501 -119.38625
48.16577 -119.48612
48.17316 -119.61917
48.18476 -119.69465
48.17974 -119.72197
NaN NaN
43.16819 -121.95849
43.16704 -121.87682
43.17486 -121.75417
43.17442 -121.65479
43.17398 -121.55541
43.17168 -121.39208
43.16938 -121.22874
43.15196 -121.07655
43.14267 -120.95733
43.13339 -120.83812
43.12737 -120.74937
43.12135 -120.66061
43.09816 -120.50549
43.08927 -120.41550
43.08036 -120.32550
43.07595 -120.21476
43.07153 -120.10403
43.06660 -120.01113
43.06167 -119.91823
43.06432 -119.74818
43.05315 -119.66234
43.04198 -119.57648
43.04209 -119.45041
43.03556 -119.29446
43.02903 -119.13853
43.02499 -119.00167
43.00594 -118.87647
42.98435 -118.79629
42.94280 -118.69046
42.89460 -118.55513
42.85305 -118.44930
42.81063 -118.37908
42.80566 -118.34122
42.74749 -118.19308
42.68175 -118.11391
42.58855 -118.01521
42.48217 -117.94376
42.41604 -117.85625
42.35118 -117.79601
42.27165 -117.71236
42.19805 -117.63096
42.10823 -117.53448
42.05239 -117.45979
41.97597 -117.34679
41.91139 -117.25516
41.85711 -117.17575
41.80748 -117.07203
41.75475 -116.97666
41.73219 -116.83010
41.74208 -116.71191
41.75351 -116.58557
41.76368 -116.43275
41.75550 -116.34315
41.73704 -116.24139
41.69770 -116.14990
41.66273 -116.06858
41.61990 -115.96893
41.59436 -115.93443
41.59506 -115.82238
41.60197 -115.74697
41.63846 -115.64699
41.66016 -115.55930
41.70119 -115.46948
41.71835 -115.37162
41.71762 -115.26773
41.68420 -115.17010
41.65531 -115.08263
41.61280 -114.93594
41.59156 -114.87828
41.59822 -114.76852
41.60251 -114.74398
41.65069 -114.61182
41.68743 -114.54507
41.76736 -114.48219
41.82486 -114.40425
41.86303 -114.32934
41.90239 -114.21181
41.91763 -114.05298
41.92545 -113.94837
41.96500 -113.85709
42.04555 -113.80904
42.14074 -113.72310
42.21141 -113.67392
42.28336 -113.61628
42.34322 -113.55492
42.40437 -113.48510
42.45343 -113.41158
42.51750 -113.28063
42.56483 -113.19771
42.61215 -113.11478
42.66743 -113.02734
42.72272 -112.93990
42.79375 -112.84438
42.86479 -112.74888
42.92291 -112.67632
42.98103 -112.60375
43.07403 -112.48766
43.12328 -112.39085
43.17253 -112.29404
43.21078 -112.20752
43.24905 -112.12100
43.30219 -111.99860
43.33308 -111.91051
43.36397 -111.82240
43.36740 -111.79709
NaN NaN
33.09443 -116.50066
33.09443 -116.50066
33.06595 -116.48581
33.02682 -116.46055
32.98069 -116.40255
32.92330 -116.33788
32.86591 -116.27319
32.82695 -116.20924
32.77436 -116.13415
32.72177 -116.05904
32.67270 -115.98840
32.62362 -115.91776
32.56516 -115.84937
32.50668 -115.78098
32.44029 -115.70290
32.37390 -115.62484
32.29658 -115.53637
32.21925 -115.44790
32.16625 -115.38470
32.11325 -115.32151
32.03949 -115.24023
31.96572 -115.15895
NaN NaN
48.98095 -113.55933
48.98095 -113.55933
48.94990 -113.50243
48.88075 -113.44553
48.79831 -113.39323
48.73229 -113.36220
48.66626 -113.33117
48.57289 -113.26469
48.48069 -113.18882
48.41877 -113.12492
48.37132 -113.04704
48.32249 -112.96549
48.26527 -112.86855
48.21527 -112.76436
48.11332 -112.67174
48.05511 -112.66824
47.99689 -112.66476
47.88789 -112.63062
47.77771 -112.60556
47.67241 -112.59144
47.58528 -112.58301
47.51984 -112.55310
47.43018 -112.51561
47.38995 -112.43706
47.36028 -112.27702
47.33297 -112.09886
47.31685 -111.95125
47.29025 -111.85385
47.26364 -111.75645
47.23463 -111.62547
47.20563 -111.49448
47.19285 -111.38730
47.18006 -111.28011
47.16833 -111.16386
47.15660 -111.04762
47.15046 -110.93530
47.14432 -110.82298
47.12461 -110.66778
47.06504 -110.52982
47.01891 -110.46577
46.97278 -110.40170
46.92054 -110.33597
46.86829 -110.27024
46.81458 -110.19006
46.77604 -110.14211
46.71384 -110.13454
46.66069 -110.15753
46.60518 -110.25478
46.56905 -110.34795
46.51697 -110.36187
46.44255 -110.35098
46.34979 -110.33508
46.24692 -110.29771
46.14911 -110.27108
46.06353 -110.24778
45.97688 -110.27119
45.90540 -110.28964
45.82885 -110.29774
45.77889 -110.29433
45.71401 -110.20554
45.67865 -110.13318
45.63130 -110.00339
45.60282 -109.91264
45.57434 -109.82191
45.51332 -109.68024
45.48841 -109.55656
45.45716 -109.46294
45.42590 -109.36932
45.40286 -109.22801
45.38169 -109.06908
45.36857 -108.89207
45.36247 -108.79980
45.35637 -108.70752
45.32192 -108.55385
45.29364 -108.40169
45.26641 -108.29971
45.23917 -108.19773
45.19237 -108.04104
45.16733 -107.95300
45.14230 -107.86496
45.06486 -107.73765
45.01639 -107.67616
44.96793 -107.61465
44.92691 -107.54140
44.88588 -107.46814
44.80141 -107.34817
44.75646 -107.28300
44.71151 -107.21785
44.61378 -107.10371
44.52525 -107.02799
44.44295 -106.98605
44.37730 -106.94242
44.31165 -106.89880
44.24006 -106.88564
44.16846 -106.87249
44.04936 -106.85963
43.97886 -106.86650
43.90834 -106.87337
43.80549 -106.89071
43.68858 -106.92313
43.60358 -106.95229
43.53566 -107.02921
43.44283 -107.06998
43.36083 -107.13076
43.32024 -107.15685
43.22766 -107.12737
43.13833 -107.06345
43.06144 -107.00231
42.97833 -106.94115
42.92012 -106.88739
42.86029 -106.85085
42.80290 -106.78848
42.74712 -106.70889
42.71083 -106.62390
42.72192 -106.57329
42.75598 -106.41286
42.78843 -106.26967
42.78434 -106.11144
42.76377 -105.99306
42.72224 -105.91615
42.68070 -105.83923
42.59356 -105.73706
42.50642 -105.63490
42.41859 -105.54134
42.32738 -105.49085
42.23753 -105.42313
42.14496 -105.38987
42.03648 -105.39752
41.95508 -105.40881
41.86606 -105.41153
41.78398 -105.40688
41.69006 -105.39185
41.60307 -105.36946
41.52099 -105.36481
41.45211 -105.35378
41.35818 -105.33876
41.26494 -105.31537
41.18946 -105.30753
41.11398 -105.29969
41.00618 -105.29940
40.88517 -105.30547
40.78718 -105.34066
40.72075 -105.33851
40.65432 -105.33636
40.58934 -105.35564
40.52435 -105.37491
40.46037 -105.38163
40.39640 -105.38835
40.27894 -105.42891
40.21565 -105.42726
NaN NaN
40.21565 -105.42726
40.15235 -105.42561
40.05081 -105.42632
39.93810 -105.42098
39.87371 -105.39483
39.80932 -105.36868
39.69864 -105.32735
39.61513 -105.30246
39.53161 -105.27757
39.46130 -105.24641
39.39099 -105.21526
39.32347 -105.18864
39.25594 -105.16202
39.16440 -105.11944
39.07284 -105.07687
39.01159 -105.05119
38.95033 -105.02551
38.87096 -104.99202
38.79159 -104.95851
38.67956 -104.93683
38.60458 -104.99748
38.56023 -105.06586
38.55699 -105.18074
38.54530 -105.24490
38.53935 -105.39234
38.53053 -105.49815
38.48890 -105.54135
38.44861 -105.56826
38.38803 -105.53445
38.32948 -105.47622
38.24370 -105.36446
38.18854 -105.26553
38.09514 -105.16911
37.99344 -105.10641
37.90291 -105.05357
37.82083 -105.05000
37.76244 -105.06582
37.74517 -105.11950
37.74042 -105.17494
37.78018 -105.22865
37.83805 -105.29293
37.85767 -105.35983
37.84666 -105.41439
37.81754 -105.45838
37.75357 -105.46539
37.66168 -105.42838
37.58163 -105.40107
37.51479 -105.36759
37.43120 -105.30771
37.36504 -105.26631
37.29329 -105.21611
37.21460 -105.17295
37.15892 -105.15709
37.09291 -105.18786
36.98798 -105.22919
36.87052 -105.26873
36.76068 -105.29333
36.64458 -105.31704
36.54168 -105.33459
36.47771 -105.34161
36.41373 -105.34863
36.31913 -105.34330
36.21132 -105.34413
36.12299 -105.33969
36.02212 -105.33349
35.91431 -105.32888
35.83850 -105.32663
35.75016 -105.32272
35.66182 -105.31880
35.57906 -105.32343
35.51440 -105.33826
35.46228 -105.35475
35.43113 -105.42086
35.38745 -105.48530
35.37018 -105.53763
35.38557 -105.57870
35.41213 -105.63685
35.45053 -105.70437
35.49792 -105.74187
35.53074 -105.80086
35.53090 -105.87111
35.49416 -105.92867
35.49697 -106.01269
35.52324 -106.06313
35.59172 -106.07227
35.64396 -106.05577
35.69999 -106.06325
35.73734 -106.06823
35.74655 -106.10075
35.72357 -106.19936
35.70383 -106.26713
35.68166 -106.35803
35.65787 -106.46436
35.63975 -106.51670
35.61378 -106.58363
35.60431 -106.61366
35.63139 -106.65638
35.65305 -106.69056
35.67310 -106.74017
35.68150 -106.78040
35.65336 -106.80794
35.62982 -106.85172
35.61792 -106.90489
35.63417 -106.93053
NaN NaN
35.36120 -105.56766
35.33006 -105.63377
35.29755 -105.71529
35.24829 -105.77119
35.18228 -105.80145
35.13422 -105.77166
35.04165 -105.74377
34.96719 -105.72609
34.89273 -105.70840
34.79677 -105.71909
34.71401 -105.72372
34.64970 -105.73470
34.58538 -105.74568
34.50889 -105.75114
34.43104 -105.77202
34.38585 -105.78164
34.31596 -105.78407
34.24606 -105.78651
34.17650 -105.78508
34.10966 -105.75280
34.06364 -105.69987
33.99950 -105.61449
33.93538 -105.55326
33.88377 -105.49361
33.81270 -105.43910
33.72775 -105.39808
33.64974 -105.35032
33.55159 -105.31525
33.44718 -105.27939
33.34276 -105.24354
33.26306 -105.21458
33.18335 -105.18560
33.09984 -105.16376
33.01632 -105.14192
32.95405 -105.13034
32.89177 -105.11875
32.81799 -105.09433
32.74420 -105.06989
32.65028 -105.05816
32.58174 -105.04579
32.51320 -105.03342
32.44847 -105.01949
32.38374 -105.00556
32.31207 -104.99955
32.24040 -104.99354
32.15409 -104.97026
32.06779 -104.94699
31.95085 -104.83761
31.86794 -104.77852
31.78502 -104.71941
31.69932 -104.65637
31.61361 -104.59333
31.54499 -104.55032
31.47638 -104.50730
31.42307 -104.46931
31.36977 -104.43132
31.31156 -104.37806
31.25336 -104.32480
31.19058 -104.25256
31.12781 -104.18033
31.05319 -104.09966
30.98483 -104.01952
30.89053 -103.96311
30.84933 -103.83351
30.82064 -103.74949
30.79195 -103.66546
30.76326 -103.58144
30.73457 -103.49741
30.70506 -103.42443
30.67555 -103.35146
30.64120 -103.21503
30.61800 -103.14259
30.59479 -103.07016
30.55143 -102.97414
30.48863 -102.88071
30.41485 -102.76427
30.32576 -102.68362
30.22983 -102.60984
30.16872 -102.57935
30.10761 -102.54885
29.99115 -102.46062
29.87991 -102.42361
29.80017 -102.38892
29.74400 -102.37759
